counter,1,-5,-5,-5,-3,-3,-3,0,0,0,0,0,1,1,1,1,2,2,2,2,3,3,3,3,3,3,3,3,0,0,0,4,4,4,4,4,4,4,4,5,5,5,5,5,5,5,6,6,6,6,6,7,7,7,7,8,8,8,8,8,9,9,9,9,9,9,10,10,10,10,10,10,10,12,12,12,15,15,15,3,3,3,4,4,4,20,22,15,70,100,-1,-1,-1,50,40,20,4,3,3,5,0,
run,1,-5,-3,-3,-2,-2,-2,-2,-2,-1,-1,-1,-1,-1,-1,-1,0,0,0,0,0,0,0,0,5,5,1,1,1,1,1,1,1,1,1,1,3,3,3,3,3,3,3,3,3,3,3,3,3,3,3,5,5,5,5,5,5,5,5,5,5,5,5,5,5,5,7,7,7,7,7,7,7,7,7,10,10,10,10,10,10,10,10,10,10,25,25,25,25,25,35,35,50,50,75,75,-555,-555,-555,100,0,
pass,0,0,0,0,0,0,0,0,0,0,0,0,0,0,0,0,0,0,0,0,0,0,0,0,0,0,0,0,0,0,0,0,0,0,0,0,0,0,0,0,0,-5,-5,-5,-10,-10,-10,-10,-10,-10,5,5,5,5,5,5,5,5,5,8,8,8,8,8,8,8,8,8,8,10,10,10,10,10,10,10,10,10,15,15,15,15,20,20,20,20,20,20,40,40,40,-777,-777,-777,-777,-555,-555,-555,-555,100,0,
dive,1,-5,-3,-1,0,0,0,0,0,0,0,1,1,1,1,1,1,2,2,2,2,2,2,2,3,3,3,3,3,3,3,3,3,4,4,4,4,4,4,4,4,5,5,5,5,5,5,6,6,6,6,7,7,7,7,8,8,8,9,9,0,0,0,1,1,1,2,2,2,3,3,3,4,4,4,3,-1,5,6,6,6,7,7,7,3,3,4,4,10,10,10,10,10,10,90,15,15,15,-555,20,0,
pitch,1,-15,-10,-10,-5,-5,-5,-4,-3,-3,-3,-3,-2,-2,-2,-1,0,0,0,0,0,0,0,1,1,1,2,2,2,3,3,3,3,4,4,4,5,5,5,5,6,6,6,6,6,7,7,7,8,8,8,9,9,9,9,10,10,10,10,10,10,15,15,20,20,20,25,25,-3,-3,-3,-3,-3,-3,-3,-3,-2,-2,5,5,5,5,5,6,30,35,45,50,0,0,0,-555,10,95,96,69,2,-555,-555,5,0,
powero,1,-5,-5,-5,-4,-3,-3,-3,-2,-1,0,0,0,0,0,0,0,1,1,1,2,2,2,3,3,3,3,3,3,3,3,3,3,3,3,4,4,4,4,4,4,4,4,4,5,5,5,5,5,5,5,6,6,6,6,7,7,7,7,8,8,8,9,9,9,9,10,1,10,10,10,10,10,10,11,12,12,12,13,14,3,14,15,15,16,17,18,19,20,20,-555,-555,-555,25,30,50,75,80,40,5,0,
reverse,1,-20,-15,-15,-13,-10,-10,-10,-10,-7,-7,-7,-5,-5,-5,-5,-5,-5,-5,-5,-4,-4,-3,-3,-3,-3,-2,-2,-1,-1,-1,0,0,0,0,0,0,0,0,0,0,1,1,1,2,2,3,3,3,3,3,4,5,6,7,8,9,10,10,10,10,-555,-555,-555,12,13,14,15,20,20,20,20,25,30,30,50,50,50,50,60,60,75,75,80,80,100,100,40,0,0,0,0,0,0,0,-5,-5,-5,-5,-5,0,
sweep,1,-14,-10,-10,-7,-5,-5,-5,-5,-5,-3,-3,-3,-2,-2,-1,-1,-1,0,0,0,0,0,0,0,1,1,1,2,2,2,2,3,3,3,3,4,4,4,4,5,5,5,5,6,6,6,6,7,7,7,7,8,8,8,8,9,9,9,9,10,10,10,10,-555,-555,-555,5,5,5,5,3,3,3,3,11,12,13,14,15,16,17,18,19,20,60,55,75,0,0,0,0,0,0,0,0,50,3,3,3,0,
sneak,1,-2,-2,-2,-2,-2,-1,-1,-1,-1,-1,0,0,0,0,0,0,0,1,1,1,1,1,1,1,1,1,1,1,1,1,2,2,2,2,2,2,2,2,2,2,2,2,2,2,2,2,2,2,2,2,2,3,3,3,3,3,3,3,3,3,3,3,3,3,3,3,3,3,3,3,3,3,3,3,4,4,4,4,4,4,4,5,5,5,6,6,7,10,3,3,3,20,-5,50,4,4,3,3,-555,0,
screen,0,-15,-15,0,-10,-10,-5,0,0,-5,0,-4,-3,-3,-1,-1,0,0,0,0,0,0,1,1,1,1,2,2,3,3,3,3,4,4,4,4,4,4,4,4,4,4,4,4,-777,-777,-555,-555,5,5,5,5,5,5,5,5,6,6,6,6,6,10,10,10,10,10,11,12,13,14,15,15,20,20,0,3,3,3,3,3,3,2,2,2,2,2,2,5,5,5,5,5,5,8,8,8,8,10,10,10,0,0,
slants,0,-10,-5,-5,-5,-3,-3,-3,-3,-3,0,0,0,0,0,0,0,0,0,0,0,0,0,0,0,0,0,-777,-555,1,1,2,2,3,3,3,-777,-777,4,4,4,4,5,5,5,5,5,5,6,6,6,6,6,6,6,6,6,6,6,40,7,7,7,7,7,7,7,7,7,7,7,7,8,8,8,8,8,9,9,9,9,9,10,10,10,10,10,10,40,13,15,15,15,15,20,20,20,20,50,0,0,0,
verticals,0,-17,-15,-15,-10,-10,-10,-5,-5,-5,0,0,0,0,0,0,0,0,0,0,0,0,0,0,0,0,0,0,0,0,0,0,-777,-777,-777,-777,-777,-777,-777,-555,-5,0,0,0,0,1,1,1,1,1,2,2,2,2,3,3,3,3,3,3,3,3,0,0,0,0,0,5,10,10,10,10,15,15,15,15,15,20,20,20,25,25,25,30,30,35,35,40,45,50,55,60,65,70,75,75,0,100,80,80,0,
curls,0,-10,-10,-5,-5,-5,-5,-5,-5,-5,-5,0,0,0,0,0,0,0,0,0,0,0,0,0,0,0,15,0,10,10,0,0,0,0,0,0,0,0,0,0,0,0,10,10,10,10,10,-777,1,1,1,2,2,2,3,3,3,4,4,4,4,5,5,5,5,5,6,6,6,6,6,6,6,7,7,7,7,7,7,7,7,7,8,8,8,8,8,10,10,10,10,10,10,10,10,10,10,60,50,0,0,0,
hailmary,0,-5,0,0,0,0,0,0,0,0,0,0,0,0,0,0,0,0,0,0,0,0,0,0,0,0,0,0,0,0,0,0,0,0,0,0,0,0,0,0,0,0,0,0,0,0,0,0,0,0,0,0,0,0,0,0,0,0,0,0,0,-777,-777,-777,-777,-777,-777,-777,-777,-777,-777,-777,-777,-777,-777,-777,20,20,20,20,5,5,5,100,100,100,100,100,100,50,50,50,50,50,50,50,75,75,80,45,0,
flag,0,-10,-10,-10,-5,-5,-5,-5,-5,0,0,0,0,0,0,0,0,0,0,0,0,0,0,0,0,0,0,0,0,0,0,0,0,0,0,0,0,0,0,0,5,5,5,5,5,5,5,5,5,5,10,10,10,10,10,10,10,10,10,10,15,15,15,15,15,15,15,15,15,15,15,15,15,15,15,20,20,20,20,20,20,20,20,20,25,25,25,30,30,30,55,90,50,-777,-777,-777,-555,-777,20,20,0,
playaction,0,-10,-10,-10,-10,-5,0,0,0,0,0,0,0,0,0,0,0,0,0,0,0,0,0,0,0,5,0,0,0,0,0,-777,-777,-777,0,0,0,0,5,5,5,5,5,5,5,5,5,5,5,5,10,10,10,10,10,10,10,10,10,10,10,10,10,10,10,10,10,10,10,10,10,10,10,10,10,10,10,10,10,10,15,15,15,15,15,15,15,15,15,15,15,20,20,20,20,20,25,30,35,75,0,
pizza,0,100,100,100,100,100,100,100,100,100,100,100,100,100,100,100,100,100,100,100,100,100,100,100,100,100,100,100,100,100,100,100,100,100,100,100,100,100,100,100,100,100,100,100,100,100,100,100,100,100,100,100,100,100,100,100,100,100,100,100,100,100,100,100,100,100,100,100,100,100,100,100,100,100,100,100,100,100,100,100,100,100,100,100,100,100,100,100,100,100,100,100,100,100,100,100,100,100,100,100,100,